50 0
100 1
150 4
200 9
250 18
300 31
350 49
400 73
450 102
500 145
550 186
600 242
650 309
700 388
750 475
800 574
850 688
900 819
950 986
1000 1175
1050 1324
1100 1521
1150 1712
1200 2015
1250 2285
1300 2506
1350 2812
1400 3122
1450 3592
1500 3969
1550 4368
1600 4800
1650 5257
1700 5711
1750 6152
1800 6775
1850 7267
1900 7893
1950 8601
2000 9369
2050 9932
2100 11426
2150 11558
2200 12458
2250 13128
2300 13937
2350 14987
2400 15821
2450 16966
2500 18026
2550 18969
2600 20290
2650 21449
2700 22543
2750 23841
2800 25263
2850 26613
2900 28019
2950 29518
3000 30975
3050 32653
3100 34226
3150 35949
3200 37447
3250 39263
3300 41196
3350 43631
3400 45155
