50 156
100 17
150 33
200 54
250 80
300 114
350 154
400 204
450 254
500 324
550 385
600 457
650 569
700 700
750 786
800 922
850 1080
900 1209
950 1373
1000 1572
1050 1764
1100 1945
1150 2140
1200 2436
1250 2645
1300 2946
1350 3357
1400 3584
1450 3854
1500 4194
1550 4559
1600 4918
1650 5375
1700 5842
1750 6147
1800 6501
1850 7106
1900 7441
1950 7928
2000 8767
2050 9585
2100 9945
2150 10611
2200 11166
2250 11875
2300 12173
2350 13015
2400 13763
2450 14748
2500 15442
2550 16293
2600 17002
2650 17910
2700 18600
2750 20073
2800 21019
2850 22005
2900 22546
2950 24018
3000 25035
3050 26272
3100 27210
3150 28453
3200 29676
3250 30666
3300 31776
3350 33297
3400 34752
